[gd_scene format=3 uid="uid://pk4366l8wrsy"]

[ext_resource type="PackedScene" uid="uid://qbmx03iibuuu" path="res://addons/godot-xr-tools/staging/scene_base.tscn" id="1_bdkev"]
[ext_resource type="PackedScene" uid="uid://btknduttnmoxf" path="res://addons/godot-xr-tools/misc/vr_common_shader_cache.tscn" id="2_gnkys"]
[ext_resource type="PackedScene" uid="uid://njx823gyk04n" path="res://addons/godot-xr-tools/hands/scenes/highpoly/left_hand.tscn" id="2_lr52d"]
[ext_resource type="PackedScene" uid="uid://bl2nuu3qhlb5k" path="res://addons/godot-xr-tools/functions/movement_direct.tscn" id="3_gnkys"]
[ext_resource type="Script" uid="uid://bon1bmgydd0ts" path="res://scenes/fade.gd" id="3_vuhx1"]
[ext_resource type="PackedScene" uid="uid://raeeicvvindd" path="res://addons/godot-xr-tools/hands/scenes/highpoly/right_hand.tscn" id="4_k13so"]
[ext_resource type="PackedScene" uid="uid://b6bk2pj8vbj28" path="res://addons/godot-xr-tools/functions/movement_turn.tscn" id="5_oy5cl"]
[ext_resource type="PackedScene" uid="uid://b4ysuy43poobf" path="res://addons/godot-xr-tools/functions/function_pickup.tscn" id="5_tsn8l"]
[ext_resource type="PackedScene" uid="uid://cqhw276realc" path="res://addons/godot-xr-tools/functions/function_pointer.tscn" id="6_vuhx1"]
[ext_resource type="PackedScene" uid="uid://diyu06cw06syv" path="res://addons/godot-xr-tools/player/player_body.tscn" id="7_k13so"]
[ext_resource type="PackedScene" uid="uid://clt88d5d1dje4" path="res://addons/godot-xr-tools/functions/movement_crouch.tscn" id="7_oy5cl"]

[sub_resource type="StandardMaterial3D" id="StandardMaterial3D_mhnvy"]
transparency = 1
no_depth_test = true
shading_mode = 0
albedo_color = Color(0, 0, 0, 0)
billboard_mode = 1

[sub_resource type="QuadMesh" id="QuadMesh_tsn8l"]
material = SubResource("StandardMaterial3D_mhnvy")
size = Vector2(2, 2)

[node name="ZoneBase" unique_id=315214593 instance=ExtResource("1_bdkev")]

[node name="VRCommonShaderCache" parent="XROrigin3D/XRCamera3D" index="0" unique_id=611258494 instance=ExtResource("2_gnkys")]

[node name="Fade" type="MeshInstance3D" parent="XROrigin3D/XRCamera3D" index="1" unique_id=1849918434]
transform = Transform3D(1, 0, 0, 0, 1, 0, 0, 0, 1, 0, 0, -0.1)
mesh = SubResource("QuadMesh_tsn8l")
script = ExtResource("3_vuhx1")

[node name="LeftHand" parent="XROrigin3D" index="1"]
pose = &"grip"

[node name="LeftHand" parent="XROrigin3D/LeftHand" index="0" unique_id=1702823453 instance=ExtResource("2_lr52d")]

[node name="MovementDirect" parent="XROrigin3D/LeftHand" index="1" unique_id=282120670 instance=ExtResource("3_gnkys")]
strafe = true

[node name="FunctionPickup" parent="XROrigin3D/LeftHand" index="2" unique_id=290281284 instance=ExtResource("5_tsn8l")]
transform = Transform3D(1, 0, 0, 0, 0.70710677, 0.70710677, 0, -0.70710677, 0.70710677, 0, 0, 0)

[node name="FunctionPointer" parent="XROrigin3D/LeftHand" index="3" unique_id=2006082086 instance=ExtResource("6_vuhx1")]
transform = Transform3D(1, 0, 0, 0, 0.70710677, 0.70710677, 0, -0.70710677, 0.70710677, 0.02, -0.03535534, -0.10606602)
show_laser = 2
laser_length = 1
collision_mask = 5243392

[node name="RightHand" parent="XROrigin3D" index="2"]
pose = &"grip"

[node name="RightHand" parent="XROrigin3D/RightHand" index="0" unique_id=1221045642 instance=ExtResource("4_k13so")]

[node name="MovementTurn" parent="XROrigin3D/RightHand" index="1" unique_id=605455832 instance=ExtResource("5_oy5cl")]
turn_mode = 1

[node name="MovementCrouch" parent="XROrigin3D/RightHand" index="2" unique_id=450133347 instance=ExtResource("7_oy5cl")]

[node name="FunctionPickup" parent="XROrigin3D/RightHand" index="3" unique_id=1563023617 instance=ExtResource("5_tsn8l")]
transform = Transform3D(1, 0, 0, 0, 0.70710677, 0.70710677, 0, -0.70710677, 0.70710677, 0, 0, 0)

[node name="FunctionPointer" parent="XROrigin3D/RightHand" index="4" unique_id=1953331390 instance=ExtResource("6_vuhx1")]
transform = Transform3D(1, 0, 0, 0, 0.70710677, 0.70710677, 0, -0.70710677, 0.70710677, -0.02, -0.03535534, -0.10606602)
show_laser = 2
laser_length = 1
collision_mask = 5243392

[node name="PlayerBody" parent="XROrigin3D" index="3" unique_id=1003759215 instance=ExtResource("7_k13so")]
